      0/99      4.9G      2.14      1.12         0      3.26         4       640     0.595     0.995     0.822     0.745      0.72     0.448         0
      1/99     5.28G       1.6     0.555         0      2.15         6       448     0.609     0.962     0.786     0.746      1.06     0.449         0
      2/99     5.28G      1.49     0.541         0      2.04         4       384     0.639     0.938     0.819      0.76     0.806     0.434         0
      3/99     5.28G      1.21     0.501         0      1.71         8       512     0.655     0.944     0.779     0.773     0.549     0.423         0
      4/99     5.28G      1.03     0.469         0      1.49         7       320     0.582     0.962     0.699     0.725     0.494     0.462         0
      5/99     5.28G     0.995     0.482         0      1.48         5       384     0.596     0.955     0.726     0.734     0.594     0.497         0
      6/99     5.28G     0.875     0.434         0      1.31        12       640     0.653     0.875     0.725     0.748     0.544     0.488         0
      7/99     5.28G     0.832     0.404         0      1.24         6       640     0.592      0.96     0.812     0.733     0.499     0.431         0
      8/99     5.28G     0.825     0.406         0      1.23         4       320     0.597     0.868     0.674     0.707     0.542     0.544         0
      9/99     5.28G     0.716     0.367         0      1.08         8       384     0.609     0.923     0.646     0.733     0.614     0.518         0
     10/99     5.28G     0.761     0.396         0      1.16         7       448     0.591      0.94     0.661     0.725     0.498     0.521         0
     11/99     5.28G     0.732     0.377         0      1.11         7       512     0.613     0.901     0.711      0.73     0.446     0.529         0
     12/99     5.28G     0.672     0.347         0      1.02        10       448     0.612      0.96     0.734     0.747     0.469     0.484         0
     13/99     5.28G     0.697     0.364         0      1.06         7       320     0.624     0.938     0.741     0.749     0.446     0.443         0
     14/99     5.28G     0.634      0.33         0     0.964         9       384     0.608     0.968     0.809     0.747     0.438     0.412         0
     15/99     5.28G     0.648     0.338         0     0.986         6       320     0.633     0.938      0.73     0.756     0.446     0.516         0
     16/99     5.28G     0.613     0.322         0     0.935        11       512     0.628     0.968     0.766     0.762     0.489     0.444         0
     17/99     5.28G     0.615     0.322         0     0.937         8       384     0.627     0.958     0.669     0.758     0.432      0.49         0
     18/99     5.28G     0.599     0.311         0     0.909         6       512     0.656     0.954     0.768     0.777     0.464     0.496         0
     19/99     5.28G     0.609     0.321         0     0.929         7       640      0.63     0.954     0.721     0.759     0.429     0.501         0
     20/99     5.28G     0.588     0.325         0     0.913        10       320      0.64     0.917     0.737     0.754     0.426     0.489         0
     21/99     5.28G     0.587     0.302         0      0.89         9       640     0.622     0.935     0.736     0.747     0.471     0.508         0
     22/99     5.28G     0.558     0.288         0     0.845         7       576     0.615     0.843     0.671     0.711     0.442     0.634         0
     23/99     5.28G     0.567     0.305         0     0.872         5       448     0.661      0.95     0.705      0.78     0.426     0.532         0
     24/99     5.28G     0.541     0.288         0     0.829        10       320     0.645     0.937     0.717     0.764     0.468     0.511         0
     25/99     5.28G     0.545       0.3         0     0.844         8       320     0.633     0.933      0.75     0.754     0.444     0.471         0
     26/99     5.28G     0.541     0.291         0     0.832         7       640     0.628     0.964     0.764     0.761     0.436     0.488         0
     27/99     5.28G     0.539     0.289         0     0.827         8       576     0.635     0.943     0.693     0.759     0.436     0.503         0
     28/99     5.28G     0.519     0.283         0     0.802        11       640     0.646      0.93     0.751     0.762     0.411      0.51         0
     29/99     5.28G      0.52      0.28         0     0.799         5       576     0.634     0.922     0.746     0.751     0.416     0.515         0
     30/99     5.28G     0.504     0.285         0     0.789         7       576     0.634     0.964     0.734     0.765     0.423     0.492         0
     31/99     5.28G      0.51     0.271         0     0.781        11       512     0.633      0.94     0.728     0.756     0.426     0.528         0
     32/99     5.28G     0.476     0.261         0     0.737         7       384     0.664     0.946     0.798     0.781     0.441     0.473         0
     33/99     5.28G      0.49     0.275         0     0.765         8       448     0.635      0.93     0.713     0.755      0.42     0.536         0
     34/99     5.28G     0.474     0.272         0     0.746         9       640      0.65     0.929      0.76     0.765     0.487     0.527         0
     35/99     5.28G     0.478     0.268         0     0.745         8       640     0.641      0.93      0.75     0.759     0.424     0.536         0
     36/99     5.28G     0.454     0.255         0     0.709         9       448     0.648     0.926     0.786     0.762     0.426     0.523         0
     37/99     5.28G     0.454      0.25         0     0.704         7       384     0.661     0.894      0.78      0.76     0.478      0.52         0
     38/99     5.28G     0.455     0.269         0     0.724         9       640     0.654     0.923      0.76     0.765     0.457     0.517         0
     39/99     5.28G     0.459     0.253         0     0.712        11       576     0.675     0.936     0.801     0.784      0.43     0.488         0
     40/99     5.28G     0.428     0.241         0     0.669        10       512      0.67     0.868     0.745     0.756     0.455     0.551         0
     41/99     5.28G     0.424     0.236         0      0.66         7       384     0.678     0.908     0.798     0.777     0.449     0.514         0
     42/99     5.28G      0.41     0.227         0     0.638         7       512     0.643      0.93     0.755     0.761     0.441     0.547         0
     43/99     5.28G     0.438     0.267         0     0.705         8       320     0.625     0.935     0.731     0.749     0.453     0.512         0
     44/99     5.28G     0.425     0.243         0     0.668         7       640      0.67      0.92     0.765     0.776     0.446     0.528         0
     45/99     5.28G     0.397      0.23         0     0.626         8       640     0.653     0.929     0.799     0.767     0.452     0.515         0
     46/99     5.28G     0.392     0.234         0     0.626         7       448     0.641     0.933     0.781      0.76      0.43     0.513         0
     47/99     5.28G     0.401     0.235         0     0.635         6       576     0.666     0.921     0.788     0.773     0.428     0.503         0
     48/99     5.28G     0.403     0.237         0     0.639        11       320      0.66     0.908     0.754     0.764     0.437     0.556         0
     49/99     5.28G     0.391     0.238         0     0.629         7       512     0.666      0.88     0.726     0.758     0.433     0.592         0
     50/99     5.28G     0.361     0.216         0     0.577         5       384     0.657     0.872     0.681     0.749     0.456      0.61         0
     51/99     5.28G      0.38     0.221         0     0.601         6       512     0.629     0.911     0.698     0.744     0.441     0.562         0
     52/99     5.28G     0.363     0.228         0     0.591        11       384     0.629     0.907     0.687     0.743     0.429     0.564         0
     53/99     5.28G     0.361     0.221         0     0.582         4       448     0.646     0.921     0.695      0.76     0.426     0.576         0
     54/99     5.28G      0.36     0.222         0     0.583         8       384     0.654     0.942     0.724     0.772     0.444     0.568         0
     55/99     5.28G     0.344     0.208         0     0.551         7       384     0.656     0.945     0.739     0.775     0.429     0.579         0
     56/99     5.28G     0.334     0.205         0     0.539         6       640     0.655     0.943     0.733     0.773     0.436     0.577         0
     57/99     5.28G     0.322     0.195         0     0.516         7       512     0.628     0.934     0.741     0.751     0.438     0.582         0
     58/99     5.28G     0.321     0.197         0     0.518         7       640     0.655     0.931     0.753     0.769     0.441     0.567         0
     59/99     5.28G     0.302      0.19         0     0.492         9       320     0.655     0.936      0.72     0.771     0.431     0.595         0
     60/99     5.28G     0.322     0.211         0     0.533         8       640     0.655     0.943     0.743     0.773     0.422     0.591         0
     61/99     5.28G     0.296     0.187         0     0.483         5       512      0.67      0.94     0.756     0.783     0.418     0.575         0
     62/99     5.28G     0.306     0.198         0     0.504         9       384     0.665     0.934     0.741     0.777     0.418      0.58         0
     63/99     5.28G     0.292     0.188         0      0.48         8       640     0.663     0.942     0.747     0.778     0.419     0.563         0
     64/99     5.28G     0.293     0.194         0     0.486         7       512     0.655     0.942     0.729     0.773     0.421     0.562         0
     65/99     5.28G     0.288     0.194         0     0.482         5       384     0.643     0.942     0.743     0.764     0.423     0.559         0
     66/99     5.28G     0.281      0.19         0     0.471         9       384     0.637     0.938     0.725     0.759     0.428     0.575         0
     67/99     5.28G     0.279     0.187         0     0.466         9       448     0.639     0.927     0.714     0.756     0.434      0.58         0
     68/99     5.28G     0.272     0.181         0     0.452         8       640     0.648     0.927     0.721     0.763     0.428     0.577         0
     69/99     5.28G     0.262     0.181         0     0.444         9       576     0.661     0.932     0.734     0.774     0.429     0.574         0
     70/99     5.28G     0.249     0.164         0     0.412         6       640     0.652     0.937     0.735     0.769     0.424     0.584         0
     71/99     5.28G     0.254     0.173         0     0.428         6       512      0.65     0.934     0.734     0.767     0.422     0.592         0
     72/99     5.28G     0.256     0.172         0     0.428         7       448     0.669     0.928     0.748     0.777     0.423     0.584         0
     73/99     5.28G     0.254     0.177         0      0.43         6       384     0.681     0.924     0.745     0.784     0.422     0.588         0
     74/99     5.28G     0.232     0.164         0     0.396         9       576     0.684     0.918     0.729     0.784     0.419     0.597         0
     75/99     5.28G     0.233     0.155         0     0.388         8       320     0.683     0.911     0.727     0.781      0.42       0.6         0
     76/99     5.28G     0.229      0.16         0     0.389         9       576     0.677     0.911      0.72     0.776     0.421     0.603         0
     77/99     5.28G     0.218      0.15         0     0.368         6       512     0.675     0.916      0.72     0.777     0.421     0.605         0
     78/99     5.28G     0.221     0.162         0     0.383         6       320      0.67      0.92     0.722     0.775     0.421     0.605         0
     79/99     5.28G     0.211      0.15         0     0.361         6       640     0.671     0.924     0.724     0.777     0.422     0.605         0
     80/99     5.28G     0.213     0.155         0     0.368         4       576     0.669      0.92     0.723     0.775     0.424      0.61         0
     81/99     5.28G     0.209     0.149         0     0.358         5       448     0.669     0.919     0.732     0.775     0.426     0.608         0
     82/99     5.28G     0.197     0.145         0     0.341         8       384     0.668      0.92     0.734     0.774     0.427     0.608         0
     83/99     5.28G      0.21     0.157         0     0.367         9       448     0.668      0.92     0.737     0.774     0.431     0.605         0
     84/99     5.28G     0.191      0.14         0     0.331         7       512     0.666      0.92     0.737     0.773      0.43     0.611         0
     85/99     5.28G     0.188     0.135         0     0.324         9       640     0.665     0.921     0.735     0.772      0.43     0.616         0
     86/99     5.28G     0.188     0.137         0     0.325         8       448     0.663     0.921     0.733     0.771     0.428     0.624         0
     87/99     5.28G     0.189     0.134         0     0.323         7       576     0.662     0.921     0.731      0.77     0.426     0.628         0
     88/99     5.28G     0.194     0.147         0     0.341         6       640     0.662     0.921      0.73     0.771     0.427      0.63         0
     89/99     5.28G     0.179     0.132         0     0.312         9       640     0.664     0.921     0.729     0.772     0.426     0.631         0
     90/99     5.28G     0.181     0.136         0     0.317         7       576     0.666      0.92     0.729     0.772     0.425     0.632         0
     91/99     5.28G     0.177     0.125         0     0.302         5       512     0.667      0.92     0.729     0.773     0.424     0.635         0
     92/99     5.28G     0.178     0.134         0     0.311        10       576     0.666      0.92     0.728     0.773     0.424     0.638         0
     93/99     5.28G     0.171     0.122         0     0.293         5       512     0.667     0.919     0.724     0.773     0.422      0.64         0
     94/99     5.28G     0.171     0.123         0     0.294         9       448     0.666     0.919     0.721     0.772     0.422     0.642         0
     95/99     5.28G     0.164     0.122         0     0.287         6       448     0.666     0.919     0.719     0.772     0.421     0.645         0
     96/99     5.28G     0.174     0.132         0     0.306         9       384     0.666     0.919     0.718     0.772     0.421     0.647         0
     97/99     5.28G     0.168     0.125         0     0.293         7       384     0.665     0.919     0.717     0.772      0.42      0.65         0
     98/99     5.28G     0.168     0.123         0     0.291         7       512     0.665     0.919     0.717     0.772      0.42     0.651         0
     99/99     5.28G      0.17     0.125         0     0.294         9       640     0.665     0.918     0.718     0.771      0.42     0.652         0
